$ANSIBLE_VAULT;1.1;AES256
36613734396137326561323036323564383661346263306534306636663761613565333766336131
3066313634356539636536643138393435633433316262310a393835666563383566616532363735
61323739356633313834306531353532333238653530356435656139666137663230313238646461
3966636136316530620a326634626365393364616335333837373336616663326639663035323664
35613666656133613234396263656136633465633362636339643133383436373030333232356438
62343737396662396363336230656363386266353832653165616433366366353933346638343166
66333232613132656265383134373435396535663562636365666230613164623735333433616634
33326261613065643465353765656638613036656430326534656434316466323034613634396334
34336636623962613866393361373939363835316134636439313139623662336337376364613533
31656132323034613235653264326136663861633562353561363264363336313664333263386563
34636537343733333731336132623561656136386263396335346162333661386233346630363030
36303437636530646431396162626530316434353438616438393366386163343363376234303635
62323135643838376533333563616263336232666564373461636634376361623332386237333237
62626633633635323939313766346361353262353466393061363338316633653231656537313136
61653765393238336562393734333963663237326634346464636165623066316632383837663739
36376562323230373963343536376262386261323165373137363833346635623134386434643564
33646135663833383834663364303765393136646362613536336630383165326364333963316363
36346165326235306535363466643961643632396533643862643965663430336232316237323237
36643330313038623338633531366562383731313765653339396566393662323536346532656339
31666431643430306436613233326635386530626664346631633135323532323832353066366530
39393263343135616563333462663232353536333833383333616238323966323466326230343066
39623130333566626337396437626263636264663261643834356334656265643363346132383263
35656165393763373562616164653638343465633765313761323239336334653063376131636462
64646366353663326336326137373161333137616666346337623965383434396532666362363336
30366361653863653736396635653562333239383565313438646434616535376265656532383565
38636233313232656136313635666437616461366364646330333436346633306337336533646465
33656262633562616432386434323639623132653933353535393836643739613139303065653531
37343339323362333866626162666362363638376666313035363432633136346462656365636439
34376563316132626663306234623131303239653162313665393039333036353262663865623065
64613866323662306461393238323566386634333336373862643264383065366230376164333536
66313566396631633262313261303932346139663035666531376662306132356432663039346466
32613737386538633333306439353537323338636537383666346365656334653230666566313437
37303934336339653362363563353332383164613439303131656238656363353563383030623439
37373333326631643166303433626138626565343634643837656361616330613962373635656438
30366361323365323063333432663836373564616463393761616331343664626338653331663932
39613564336635346666643533383734333233386132663335313431623036643031306438383331
39396635303834653432366266633764346366386164363631303539353165353634323863383363
39333063323232353231613764303035646438376131353534303662613662323836626331663561
63333065303963316231306135386363373861393964346635323230303866623030616431363031
34636466663335346231323233623466326234366639313935306565333162306332343336663532
62643238316534306166333632613765363036373833616465646133343765323530386631616462
66383465643635383766396561356439626264663036666534303936333636316663613838663061
63316637343630336365326430316664383533313730346636343665376637386334303962316439
31643262303832393861633737653565393433383262633962316633323431653431643463363463
39313438393564653430323664353666383630346662313466663663646338613465613465393535
36346163333834303930333266633836646532386435313330343336343831666662303737336665
36363831626465303232333966616437643962623031356139663239323365303138393035643466
64336531613838656165373863663461306437306133316136303130323865316232646539303535
63316337333034306334393464323562383065356637613339623863623339323338653838306634
37376138666362303238613434313963346630653630383830636663666562383534336563366161
37393832313735663836623863666364383531373539653234633534643862316436623835643661
38356334393938653233316563326364353437653938306436636333343864616333316265633535
33303039393230643761346563326532353362643365666462626232346130353961323431666334
64613438646565666564363134663837346236383464363661636532363464326232646564343765
61303366346238306361383362333431396565363439333137316537393030656536393230383534
39356138343362316431363831333865353565633231643530666436356138656338663139386462
37386466626534356263623432313063633836386565376436376137323031393834663365393131
31343263386563656361616261393136363834626538663930366336663334336535393263373763
61663438633736383836643265353561303935323863666163663138633832343539326462656564
38373130326466316430363264626539356265643534373866326334383230323466353330653833
32653265623335336631636239356638636162633166393339323538643630363532343961626330
38313462663139616462653264333731306266626435316365653761613265663661303630373335
32643732336266303737666265373238396338383132343166343635313063333637396263323437
35643462653737313562393763306361316636653861633533376666623934643030373662343162
34393961646632633837356237376536663137373464303338303030353537623135336165386466
37643031336261656634356561633336653364333332373264613661653163333831343061323663
38343661386632326437313734653032663665643332303530653832323133333462356430663839
61353532383034643630346562303365333665643736393130333534363135356137313764323664
63623732613933353764333466333134356633613963363961343838633238396539313064323433
33376534646331633734366432313166363434306138366134633435653638303030643738666532
37616231383066326161613333633330653736383335636432303663663935646431636531383532
31346362623037666265616162396535306331343633323334383938353437356133653265613364
63353736383538373935626366343065656363383163333036343862663561623238626639363831
31633032373566636561626233333334383631663261373237393461326332396430643833393533
39333163313934363738303632323762303765613535326364303565386664353135313862656637
31303737613361386364336539633239313461393233383033666536663033356264616564346535
32376237663264633238353138363634653035623734303835633836363333643665643361626530
64386431313466396365653364356131646363316665366661303334306439386164316234366432
36653138393861393032616332636561636363613939613262633330363236343532396333663164
33663639373361663338653532646434383635663430303764356631616632643134396466386161
38653463376665373733653034373033313765373865353631633339376664623332646638636463
66353838353732396663366136613163643464353563633466376631373639303238643264346165
66653731353533666461323061613932613764343837333965616630313764306532366264373763
34613861613965633438323530613731656531613330623265626137643265303863666131313464
64656231643532386232623262303664346162303736643230376663396166396530663762393634
33656261343965633032303536613936346534333166643062616661326134396230353466353335
37326561366534363135356634626435663630366364353633323562326264646564343839383735
63643230666338656362316430623934373932643963643332633137336230623236343934366361
33363064613038626432663837343866636639393033376533656361636566383332313965363331
61333839613234383236386562663136353337316539623562303031626230383032326664383139
31383466623865363936613537383636626335393766643364336633656163356339633935626165
31306135306261356164616163646236373065393566306138623835656138633831303163653230
66653534343937613463393533366661643636393235666163626430393038393933636165653861
38366537303335383239333161356537313936326239373331653564316262386162633065623137
31353937396230333531383733336264646233346337653234666661633237643637663733613333
66636436643562343663346239626333663763653830646663383533373236613437396464333865
34613866666637623364356364306233343161303834363566303662396565366362656461633235
39333763626237333266356130363936613330613233643332333361303661346536396164616263
32323461313461626633616164326538663161393938656565353735316261613737653364636463
35626634313838653361666362356133303833633039313438343265343565326435383134323532
38613266363634613164303035383735373566616530393837383564333735666161363835663739
65356532373239323463346631343838663537316132316264343535376432396631636331333735
30643836366236343134346337326131383437363437663630386632653366313564303938356336
37316162366530633033666631386265333538393131303832383563323665343234623639666463
39653062386634333738313366316436396335343037383061333830336161373562353239363464
31373339396335313132373739616364656363623064396137623961316331636335356262376166
32626332313433343031626338613439363939366637386531613736616230653138626432323866
34373864336461663961623235326531346264306635333362373862626439383066636664353736
61363837393561306234656165626366343661356333376432366237336236356539666130653062
33663037646166663032333737643238386663363836303233613761343833613936633630376435
34366265663065363430316465316464613538383861366630636565376330306534303833366533
35373934373739666663303663333862396535373265653735653535353564303031313130663634
61613265383363396363336433633966373965376433656338323864353536383536616133643031
39333834656531306338373562316564383939323666353939623634373764636437363063373932
66353733366134353137613664323965393838623033383435373530373666356435666339373732
35386365343639616463316262346539633432666662643163633461383162336466626235653935
65393965626561323861323133316164336339363862396266393839623739323639316364303364
34616666616166613461306264363965356230366365333333346637383161613831653435346532
32396332656231643561616339346430376530313039336465306333373135333030613766643032
38616561653664386230656130643261633137303337613733663734323164383334623935303434
37663437323933323634373936653438363366346439313639396336633539383230343432363831
64376461393962323365316532666166663431303762346661646434316163396135623266663337
37663665343939643032666164353137386435356164303162396236636662313833333334303666
30643033346461376664323536393937333931393333383163623134663436333462353735323738
63336362356363363533356537313063633461303733383134363463303734616239646239393131
30636364636132626564363134333364383839373663306538616131336139393461383237356661
32373635653933343738333436303461626364343733633238353431313739663330306431626366
32616461326435363039356637653335333231623130323433666561656233393835373731613534
33383238336438613238633937303836636631646536306464316465343863326561
