$ANSIBLE_VAULT;1.1;AES256
31643361396336333166643266653334313839633562663162646366613064386437393865323436
6464356434363237616436636232396237323137616139650a356139303161346564363330346438
33366139343261353830323536353335366130316531353162666431623065323365383336336232
6332376436343961610a646237653239643837346462313039333064313134353963373238613866
30363862633631336463326336646232303032653431613433316233393739313565333635306135
31303164393039623234343237316364333366363235666265623932613739333338643365343162
33393136633332643939323130393264643562346565306536396637303761386462636463616339
36386233313939383365393831646631323830373062316164323131386166666135356236623234
64306566636635636462343364646331326636616337366166626537373837633762646461383961
62346438356132653033363738613965313836653830653063313533623336346666643463633463
35613262306638363333353361353538646665373964316431623663353936323364646630303337
62636433643833623737
